
==================================================================================================================
                                                            Dependent variable:                                   
                         -----------------------------------------------------------------------------------------
                                                                Insecticide 
								
								ERS Regions                                      
                            1         2         3         4         5         6         7         8         9   
------------------------------------------------------------------------------------------------------------------
PercentCrop               0.037**   -0.031    -0.025    -0.029     0.022    -0.053    -0.019    -0.028    -0.013 
                          (0.017)   (0.022)   (0.021)   (0.019)   (0.093)   (0.041)   (0.037)   (0.049)   (0.039)                                                                                                             
                                                                                                                  
NaturalCropEdge          -0.022**   0.030*     0.023    0.025*     0.063    0.050**    0.030     0.014     0.009 
                          (0.008)   (0.018)   (0.015)   (0.015)   (0.041)   (0.022)   (0.027)   (0.038)   (0.023) 
                                                                                                                  
MeanCropArea              -0.012*    0.037     0.015     0.010     0.005     0.046    0.054***   0.026    -0.006 
                          (0.005)   (0.020)   (0.014)   (0.008)   (0.018)   (0.038)   (0.016)   (0.024)   (0.043) 
                                                                                                                  
LargeFarms                0.046**   -0.004    -0.029    0.093***  -0.015    0.071***   0.047    -0.003    0.131*** 
                          (0.019)   (0.025)   (0.022)   (0.024)   (0.024)   (0.023)   (0.029)   (0.026)   (0.025) 
                                                                                                                  
SoyGrains                  0.031    -0.044    -0.025   -0.063***  -0.007    -0.035    -0.031    -0.034    -0.022  
                          (0.019)   (0.030)   (0.022)   (0.023)   (0.022)   (0.021)   (0.034)   (0.031)   (0.022) 
                                                                                                                  
Corn                     0.066***   -0.044     0.003    -0.033    -0.033   -0.047**   -0.023     0.073   -0.094*** 
                          (0.018)   (0.030)   (0.025)   (0.021)   (0.023)   (0.024)   (0.034)   (0.044)   (0.032) 
                                                                                                                  
FruitVeg                  0.148*    -0.100     0.158    -0.090    -0.066    -0.114    -0.116    -0.071    -0.053   
                          (0.075)   (0.078)   (0.106)   (0.076)   (0.077)   (0.076)   (0.077)   (0.077)   (0.080) 
                                                                                                                  
LandDiversity              0.009    -0.011    -0.020   -0.036**   -0.009    -0.030    0.037*    -0.022     0.008 
                          (0.008)   (0.012)   (0.012)   (0.016)   (0.010)   (0.018)   (0.020)   (0.018)   (0.016) 
                                                                                                                  
CropDiversity            -0.050***  0.074***  0.071***  0.068***  0.056***  0.075***  0.069***  0.065***  0.037*
                          (0.012)   (0.016)   (0.014)   (0.019)   (0.013)   (0.015)   (0.015)   (0.014)   (0.019) 
                                                                                                                  
Constant                  0.065**   
                          (0.029)   
                                                                                                                  
------------------------------------------------------------------------------------------------------------------
Observations               8,939     
R2                         0.721      
Adjusted R2                0.709      
==================================================================================================================
Note: *p<0.1; **p<0.05; ***p<0.01
